Python 3.6.5 (v3.6.5:f59c0932b4, Mar 28 2018, 17:00:18) [MSC v.1900 64 bit (AMD64)] on win32
Type "copyright", "credits" or "license()" for more information.
>>> 
================= RESTART: C:/Users/trex/Desktop/bernolli.py =================
0.0                  [5.]
0.20408163265306123                  [4.81642782]
0.40816326530612246                  [4.30943247]
0.6122448979591837                  [3.59328511]
0.8163265306122449                  [2.81101883]
1.0204081632653061                  [2.08858654]
1.2244897959183674                  [1.50471328]
1.4285714285714286                  [1.08465179]
1.6326530612244898                  [0.81302302]
1.836734693877551                  [0.65419814]
2.0408163265306123                  [0.56988852]
2.2448979591836737                  [0.52914449]
2.4489795918367347                  [0.51118229]
2.6530612244897958                  [0.50394757]
2.857142857142857                  [0.50128219]
3.0612244897959187                  [0.50038318]
3.2653061224489797                  [0.50010536]
3.4693877551020407                  [0.50002665]
3.673469387755102                  [0.5000062]
3.8775510204081636                  [0.50000133]
4.081632653061225                  [0.50000026]
4.285714285714286                  [0.50000005]
4.4897959183673475                  [0.50000001]
4.6938775510204085                  [0.5]
4.8979591836734695                  [0.5]
5.1020408163265305                  [0.5]
5.3061224489795915                  [0.5]
5.510204081632653                  [0.5]
5.714285714285714                  [0.5]
5.918367346938775                  [0.5]
6.122448979591837                  [0.5]
6.326530612244898                  [0.5]
6.530612244897959                  [0.5]
6.73469387755102                  [0.5]
6.938775510204081                  [0.5]
7.142857142857143                  [0.5]
7.346938775510204                  [0.5]
7.551020408163265                  [0.5]
7.755102040816327                  [0.5]
7.959183673469388                  [0.5]
8.16326530612245                  [0.5]
8.36734693877551                  [0.5]
8.571428571428571                  [0.5]
8.775510204081632                  [0.5]
8.979591836734695                  [0.5]
9.183673469387756                  [0.5]
9.387755102040817                  [0.5]
9.591836734693878                  [0.5]
9.795918367346939                  [0.5]
10.0                  [0.5]
>>> 
